netsize: 4, weight_size: 50
28.7603
9.62995
11.4743
25.244
10.245
7.02308
4.23205
12.9403
7.97249
3.71838
4.30755
6.82802
29.8878
13.6631
1.63134
4.15305

netsize: 4, weight_size: 100
7.24967
17.8821
29.3795
32.5663
4.22064
16.1773
23.8449
31.8208
15.8519
24.1716
31.9489
37.3444
22.8455
17.6804
36.2711
34.6322

netsize: 4, weight_size: 150
22.4516
44.1677
51.4292
54.6083
10.0143
22.623
24.0024
60.6652
30.0401
32.5561
55.6303
54.2144
40.3846
43.2544
40.7696
42.5291

netsize: 4, weight_size: 200
72.8667
77.3316
69.9645
64.51
64.4341
21.3817
33.5291
63.2873
60.2016
38.8128
25.2375
27.9962
75.2075
71.4955
23.8845
62.2574

netsize: 4, weight_size: 250
81.2866
64.2629
31.2945
78.3061
76.2929
59.365
30.7861
23.9653
64.3838
48.5526
15.1806
35.063
69.485
73.7834
68.7216
81.0226

